The Program Internal Form:
(12, -1)
(0, 102)
(0, 104)
(6, -1)
(25, -1)
(0, 99)
(26, -1)
(0, 114)
(26, -1)
(0, 97)
(24, -1)
(6, -1)
(25, -1)
(0, 109)
(25, -1)
(35, -1)
(25, -1)
(1, 48)
(27, -1)
(1, 51)
(24, -1)
(14, -1)
(25, -1)
(21, -1)
(0, 114)
(22, -1)
(24, -1)
(0, 108)
(25, -1)
(35, -1)
(25, -1)
(1, 50)
(25, -1)
(29, -1)
(25, -1)
(1, 53)
(24, -1)
(0, 99)
(25, -1)
(35, -1)
(25, -1)
(1, 50)
(25, -1)
(30, -1)
(25, -1)
(0, 109)
(25, -1)
(30, -1)
(25, -1)
(0, 114)
(24, -1)
(0, 97)
(25, -1)
(35, -1)
(25, -1)
(0, 109)
(25, -1)
(30, -1)
(25, -1)
(0, 114)
(25, -1)
(30, -1)
(25, -1)
(0, 114)
(24, -1)
(15, -1)
(25, -1)
(21, -1)
(0, 99)
(22, -1)
(24, -1)
(15, -1)
(25, -1)
(21, -1)
(0, 97)
(22, -1)
(24, -1)
(13, -1)
